2.500000 0.009000
5.000000 -0.015000
7.500000 0.019000
10.000000 0.009000
12.500000 0.031000
15.000000 0.035000
17.500000 -0.022000
20.000000 0.039000
22.500000 -0.028000
25.000000 -0.019000
27.500000 0.013000
30.000000 0.027000
32.500000 0.021000
35.000000 -0.013000
37.500000 -0.025000
40.000000 0.046000
42.500000 0.045000
45.000000 0.001000
47.500000 -0.025000
50.000000 -0.049000
52.500000 0.023000
55.000000 -0.011000
57.500000 -0.012000
60.000000 0.033000
62.500000 -0.029000
65.000000 -0.011000
67.500000 0.028000
70.000000 0.037000
72.500000 0.001000
75.000000 -0.021000
77.500000 -0.011000
80.000000 0.042000
82.500000 -0.031000
85.000000 -0.017000
87.500000 -0.030000
90.000000 0.003000
92.500000 -0.033000
95.000000 -0.038000
97.500000 0.020000
100.000000 0.038000
102.500000 -0.024000
105.000000 -0.028000
107.500000 0.017000
110.000000 0.027000
112.500000 -0.008000
115.000000 -0.033000
117.500000 -0.026000
120.000000 -0.009000
122.500000 -0.027000
125.000000 -0.035000
127.500000 0.025000
130.000000 0.032000
132.500000 -0.048000
135.000000 0.034000
137.500000 -0.050000
140.000000 -0.029000
142.500000 -0.038000
145.000000 0.014000
147.500000 -0.003000
150.000000 -0.022000
152.500000 -0.045000
155.000000 -0.043000
157.500000 0.011000
160.000000 -0.028000
162.500000 0.045000
165.000000 0.035000
167.500000 -0.006000
170.000000 0.024000
172.500000 -0.012000
175.000000 -0.015000
177.500000 -0.007000
180.000000 -0.019000
182.500000 -0.013000
185.000000 0.019000
187.500000 -0.013000
190.000000 -0.018000
192.500000 0.004000
195.000000 0.010000
197.500000 0.004000
200.000000 0.035000
202.500000 -0.037000
205.000000 0.001000
207.500000 0.003000
210.000000 0.033000
212.500000 -0.011000
215.000000 0.042000
217.500000 0.008000
220.000000 0.011000
222.500000 -0.014000
225.000000 -0.036000
227.500000 0.001000
230.000000 0.007000
232.500000 0.006000
235.000000 0.003000
237.500000 -0.019000
240.000000 0.025000
242.500000 -0.017000
245.000000 -0.008000
247.500000 -0.007000
250.000000 0.015000
252.500000 0.021000
255.000000 0.012000
257.500000 0.050000
260.000000 -0.037000
262.500000 0.040000
265.000000 0.039000
267.500000 -0.005000
270.000000 0.049000
272.500000 0.043000
275.000000 0.037000
277.500000 0.026000
280.000000 -0.023000
282.500000 -0.015000
285.000000 0.026000
287.500000 -0.006000
290.000000 -0.022000
292.500000 0.019000
295.000000 0.019000
297.500000 -0.002000
300.000000 0.010000
302.500000 0.046000
305.000000 0.045000
307.500000 0.034000
310.000000 0.034000
312.500000 0.004000
315.000000 0.018000
317.500000 0.010000
320.000000 -0.046000
322.500000 -0.009000
325.000000 -0.019000
327.500000 -0.007000
330.000000 -0.004000
332.500000 0.024000
335.000000 0.027000
337.500000 -0.043000
340.000000 0.028000
342.500000 -0.045000
345.000000 0.016000
347.500000 -0.034000
350.000000 -0.041000
352.500000 -0.025000
355.000000 0.026000
357.500000 0.010000
360.000000 0.023000
362.500000 -0.023000
365.000000 0.045000
367.500000 0.012000
370.000000 -0.033000
372.500000 -0.020000
375.000000 0.045000
377.500000 -0.006000
380.000000 -0.038000
382.500000 0.049000
385.000000 0.011000
387.500000 -0.050000
390.000000 -0.018000
392.500000 0.042000
395.000000 -0.014000
397.500000 -0.040000
400.000000 0.034000
402.500000 -0.009000
405.000000 0.039000
407.500000 0.018000
410.000000 0.032000
412.500000 0.031000
415.000000 0.031000
417.500000 0.009000
420.000000 -0.013000
422.500000 -0.050000
425.000000 -0.021000
427.500000 -0.018000
430.000000 0.001000
432.500000 0.002000
435.000000 0.012000
437.500000 -0.026000
440.000000 -0.024000
442.500000 -0.041000
445.000000 0.015000
447.500000 -0.003000
450.000000 0.044000
452.500000 0.022000
455.000000 0.036000
457.500000 0.031000
460.000000 -0.029000
462.500000 0.041000
465.000000 0.022000
467.500000 -0.008000
470.000000 -0.044000
472.500000 -0.050000
475.000000 0.016000
477.500000 -0.014000
480.000000 0.024000
482.500000 0.015000
485.000000 0.002000
487.500000 0.032000
490.000000 -0.033000
492.500000 -0.014000
495.000000 -0.036000
497.500000 0.006000
500.000000 -0.010000
502.500000 -0.035000
505.000000 0.023000
507.500000 0.031000
510.000000 0.028000
512.500000 0.036000
515.000000 0.038000
517.500000 0.020000
520.000000 0.037000
522.500000 0.015000
525.000000 0.015000
527.500000 -0.031000
530.000000 0.031000
532.500000 0.021000
535.000000 -0.009000
537.500000 -0.041000
540.000000 -0.021000
542.500000 0.029000
545.000000 -0.019000
547.500000 0.011000
550.000000 -0.029000
552.500000 -0.002000
555.000000 -0.024000
557.500000 0.022000
560.000000 0.040000
562.500000 0.021000
565.000000 0.025000
567.500000 0.011000
570.000000 -0.007000
572.500000 -0.031000
575.000000 0.015000
577.500000 -0.040000
580.000000 -0.043000
582.500000 0.001000
585.000000 -0.041000
587.500000 -0.022000
590.000000 -0.002000
592.500000 0.030000
595.000000 -0.020000
597.500000 0.027000
600.000000 -0.020000
602.500000 -0.001000
605.000000 0.034000
607.500000 -0.045000
610.000000 0.007000
612.500000 -0.045000
615.000000 0.009000
617.500000 0.006000
620.000000 0.013000
622.500000 -0.023000
625.000000 -0.008000
627.500000 -0.043000
630.000000 0.001000
632.500000 0.018000
635.000000 0.005000
637.500000 0.021000
640.000000 0.032000
642.500000 -0.015000
645.000000 -0.027000
647.500000 0.041000
650.000000 -0.026000
652.500000 -0.048000
655.000000 0.041000
657.500000 -0.043000
660.000000 -0.008000
662.500000 -0.045000
665.000000 0.018000
667.500000 -0.034000
670.000000 -0.033000
672.500000 0.045000
675.000000 0.048000
677.500000 -0.045000
680.000000 0.031000
682.500000 0.000000
685.000000 -0.005000
687.500000 0.031000
690.000000 -0.034000
692.500000 -0.011000
695.000000 -0.045000
697.500000 0.031000
700.000000 -0.042000
702.500000 -0.049000
705.000000 0.046000
707.500000 -0.005000
710.000000 0.023000
712.500000 -0.021000
715.000000 -0.040000
717.500000 0.036000
720.000000 0.001000
722.500000 -0.023000
725.000000 0.019000
727.500000 -0.004000
730.000000 0.035000
732.500000 0.025000
735.000000 0.042000
737.500000 0.039000
740.000000 -0.022000
742.500000 0.033000
745.000000 0.026000
747.500000 0.001000
750.000000 0.040000
752.500000 -0.040000
755.000000 0.006000
757.500000 0.011000
760.000000 0.006000
762.500000 0.003000
765.000000 0.016000
767.500000 -0.034000
770.000000 -0.012000
772.500000 -0.037000
775.000000 0.021000
777.500000 0.037000
780.000000 -0.038000
782.500000 -0.026000
785.000000 0.020000
787.500000 0.009000
790.000000 -0.005000
792.500000 -0.049000
795.000000 -0.023000
797.500000 -0.041000
800.000000 0.039000
802.500000 -0.040000
805.000000 -0.026000
807.500000 0.021000
810.000000 -0.026000
812.500000 -0.008000
815.000000 -0.006000
817.500000 0.013000
820.000000 -0.033000
822.500000 0.023000
825.000000 0.040000
827.500000 0.031000
830.000000 0.007000
832.500000 -0.003000
835.000000 0.005000
837.500000 -0.001000
840.000000 0.000000
842.500000 -0.016000
845.000000 0.039000
847.500000 -0.032000
850.000000 -0.048000
852.500000 -0.012000
855.000000 0.014000
857.500000 0.020000
860.000000 0.031000
862.500000 -0.038000
865.000000 0.049000
867.500000 -0.005000
870.000000 -0.027000
872.500000 -0.006000
875.000000 0.043000
877.500000 -0.009000
880.000000 0.018000
882.500000 0.014000
885.000000 0.031000
887.500000 0.027000
890.000000 0.039000
892.500000 -0.032000
895.000000 -0.013000
897.500000 -0.022000
900.000000 -0.016000
902.500000 0.038000
905.000000 0.030000
907.500000 0.039000
910.000000 -0.039000
912.500000 0.004000
915.000000 -0.043000
917.500000 -0.008000
920.000000 -0.029000
922.500000 0.048000
925.000000 0.032000
927.500000 -0.044000
930.000000 0.035000
932.500000 -0.015000
935.000000 0.013000
937.500000 -0.031000
940.000000 0.012000
942.500000 -0.002000
945.000000 0.020000
947.500000 -0.012000
950.000000 0.039000
952.500000 -0.036000
955.000000 0.026000
957.500000 -0.009000
960.000000 0.021000
962.500000 0.043000
965.000000 -0.034000
967.500000 -0.041000
970.000000 -0.044000
972.500000 0.014000
975.000000 0.013000
977.500000 -0.040000
980.000000 0.044000
982.500000 0.023000
985.000000 0.012000
987.500000 -0.030000
990.000000 0.015000
992.500000 0.044000
995.000000 -0.002000
997.500000 -0.030000
1000.000000 0.012000
