    2.501
    5.000
    7.500
   10.001
   12.501
   15.001
   17.501
   20.000
   22.500
   25.000
   27.500
   30.000
   32.500
   35.000
   37.500
   40.001
   42.501
   45.001
   47.501
   50.001
   52.501
   55.001
   57.501
   60.001
   62.501
   65.001
   67.501
   70.001
   72.501
   75.001
   77.500
   80.000
   82.500
   85.000
   87.500
   90.000
   92.500
   95.000
   97.500
  100.000
  102.500
  105.000
  107.500
  110.000
  112.500
  115.000
  117.500
  120.000
  122.500
  125.000
  127.500
  130.000
  132.500
  135.000
  137.500
  140.000
  142.500
  145.000
  147.500
  150.000
  152.500
  155.000
  157.500
  160.000
  162.500
  165.000
  167.500
  170.000
  172.500
  175.000
  177.500
  180.000
  182.500
  185.000
  187.500
  190.000
  192.500
  195.000
  197.500
  200.000
  202.500
  205.000
  207.500
  210.000
  212.500
  215.000
  217.500
  220.000
  222.500
  225.000
  227.500
  230.000
  232.500
  235.000
  237.500
  240.000
  242.500
  245.000
  247.500
  250.000
  252.500
  255.000
  257.500
  260.000
  262.500
  265.000
  267.500
  270.000
  272.500
  275.000
  277.500
  280.000
  282.500
  285.000
  287.500
  290.000
  292.501
  295.001
  297.501
  300.001
  302.501
  305.001
  307.501
  310.001
  312.501
  315.001
  317.501
  320.001
  322.501
  325.001
  327.501
  330.001
  332.501
  335.001
  337.501
  340.001
  342.501
  345.001
  347.501
  350.001
  352.501
  355.001
  357.501
  360.001
  362.501
  365.001
  367.501
  370.001
  372.501
  375.001
  377.501
  380.001
  382.501
  385.001
  387.501
  390.001
  392.501
  395.001
  397.501
  400.001
  402.501
  405.001
  407.501
  410.001
  412.501
  415.001
  417.501
  420.001
  422.501
  425.001
  427.501
  430.001
  432.501
  435.001
  437.501
  440.001
  442.501
  445.001
  447.501
  450.001
  452.501
  455.001
  457.501
  460.001
  462.501
  465.001
  467.501
  470.001
  472.501
  475.001
  477.501
  480.001
  482.501
  485.001
  487.501
  490.001
  492.501
  495.001
  497.501
  500.001
  502.501
  505.001
  507.501
  510.001
  512.501
  515.001
  517.501
  520.001
  522.501
  525.001
  527.501
  530.001
  532.501
  535.001
  537.501
  540.001
  542.501
  545.001
  547.501
  550.001
  552.501
  555.001
  557.501
  560.001
  562.501
  565.001
  567.501
  570.001
  572.501
  575.001
  577.501
  580.001
  582.501
  585.001
  587.501
  590.001
  592.501
  595.001
  597.501
  600.001
  602.501
  605.001
  607.501
  610.001
  612.501
  615.001
  617.501
  620.001
  622.501
  625.001
  627.501
  630.001
  632.501
  635.001
  637.501
  640.001
  642.501
  645.001
  647.501
  650.001
  652.501
  655.001
  657.501
  660.001
  662.501
  665.001
  667.501
  670.001
  672.501
  675.001
  677.501
  680.001
  682.501
  685.001
  687.501
  690.001
  692.501
  695.001
  697.501
  700.001
  702.501
  705.001
  707.501
  710.001
  712.501
  715.001
  717.501
  720.001
  722.501
  725.001
  727.501
  730.001
  732.501
  735.001
  737.501
  740.001
  742.501
  745.001
  747.501
  750.001
  752.501
  755.001
  757.501
  760.001
  762.501
  765.001
  767.501
  770.001
  772.501
  775.001
  777.501
  780.001
  782.501
  785.001
  787.501
  790.001
  792.501
  795.001
  797.501
  800.001
  802.501
  805.001
  807.501
  810.001
  812.501
  815.001
  817.501
  820.001
  822.501
  825.001
  827.501
  830.001
  832.501
  835.001
  837.501
  840.001
  842.501
  845.001
  847.501
  850.001
  852.501
  855.001
  857.501
  860.001
  862.501
  865.001
  867.501
  870.001
  872.501
  875.001
  877.501
  880.001
  882.501
  885.001
  887.501
  890.001
  892.501
  895.001
  897.501
  900.001
  902.501
  905.001
  907.501
  910.001
  912.501
  915.001
  917.501
  920.001
  922.501
  925.001
  927.501
  930.001
  932.501
  935.001
  937.501
  940.001
  942.501
  945.001
  947.501
  950.001
  952.501
  955.001
  957.501
  960.001
  962.501
  965.001
  967.501
  970.001
  972.501
  975.001
  977.501
  980.001
  982.501
  985.001
  987.501
  990.001
  992.501
  995.001
  997.501

    2.501
    5.000
    7.500
   10.001
   12.501
   15.001
   17.501
   20.000
   22.500
   25.000
   27.500
   30.000
   32.500
   35.000
   37.500
   40.001
   42.501
   45.001
   47.501
   50.001
   52.501
   55.001
   57.501
   60.001
   62.501
   65.001
   67.501
   70.001
   72.501
   75.001
   77.500
   80.000
   82.500
   85.000
   87.500
   90.000
   92.500
   95.000
   97.500
  100.000
  102.500
  105.000
  107.500
  110.000
  112.500
  115.000
  117.500
  120.000
  122.500
  125.000
  127.500
  130.000
  132.500
  135.000
  137.500
  140.000
  142.500
  145.000
  147.500
  150.000
  152.500
  155.000
  157.500
  160.000
  162.500
  165.000
  167.500
  170.000
  172.500
  175.000
  177.500
  180.000
  182.500
  185.000
  187.500
  190.000
  192.500
  195.000
  197.500
  200.000
  202.500
  205.000
  207.500
  210.000
  212.500
  215.000
  217.500
  220.000
  222.500
  225.000
  227.500
  230.000
  232.500
  235.000
  237.500
  240.000
  242.500
  245.000
  247.500
  250.000
  252.500
  255.000
  257.500
  260.000
  262.500
  265.000
  267.500
  270.000
  272.500
  275.000
  277.500
  280.000
  282.500
  285.000
  287.500
  290.000
  292.501
  295.001
  297.501
  300.001
  302.501
  305.001
  307.501
  310.001
  312.501
  315.001
  317.501
  320.001
  322.501
  325.001
  327.501
  330.001
  332.501
  335.001
  337.501
  340.001
  342.501
  345.001
  347.501
  350.001
  352.501
  355.001
  357.501
  360.001
  362.501
  365.001
  367.501
  370.001
  372.501
  375.001
  377.501
  380.001
  382.501
  385.001
  387.501
  390.001
  392.501
  395.001
  397.501
  400.001
  402.501
  405.001
  407.501
  410.001
  412.501
  415.001
  417.501
  420.001
  422.501
  425.001
  427.501
  430.001
  432.501
  435.001
  437.501
  440.001
  442.501
  445.001
  447.501
  450.001
  452.501
  455.001
  457.501
  460.001
  462.501
  465.001
  467.501
  470.001
  472.501
  475.001
  477.501
  480.001
  482.501
  485.001
  487.501
  490.001
  492.501
  495.001
  497.501
  500.001
  502.501
  505.001
  507.501
  510.001
  512.501
  515.001
  517.501
  520.001
  522.501
  525.001
  527.501
  530.001
  532.501
  535.001
  537.501
  540.001
  542.501
  545.001
  547.501
  550.001
  552.501
  555.001
  557.501
  560.001
  562.501
  565.001
  567.501
  570.001
  572.501
  575.001
  577.501
  580.001
  582.501
  585.001
  587.501
  590.001
  592.501
  595.001
  597.501
  600.001
  602.501
  605.001
  607.501
  610.001
  612.501
  615.001
  617.501
  620.001
  622.501
  625.001
  627.501
  630.001
  632.501
  635.001
  637.501
  640.001
  642.501
  645.001
  647.501
  650.001
  652.501
  655.001
  657.501
  660.001
  662.501
  665.001
  667.501
  670.001
  672.501
  675.001
  677.501
  680.001
  682.501
  685.001
  687.501
  690.001
  692.501
  695.001
  697.501
  700.001
  702.501
  705.001
  707.501
  710.001
  712.501
  715.001
  717.501
  720.001
  722.501
  725.001
  727.501
  730.001
  732.501
  735.001
  737.501
  740.001
  742.501
  745.001
  747.501
  750.001
  752.501
  755.001
  757.501
  760.001
  762.501
  765.001
  767.501
  770.001
  772.501
  775.001
  777.501
  780.001
  782.501
  785.001
  787.501
  790.001
  792.501
  795.001
  797.501
  800.001
  802.501
  805.001
  807.501
  810.001
  812.501
  815.001
  817.501
  820.001
  822.501
  825.001
  827.501
  830.001
  832.501
  835.001
  837.501
  840.001
  842.501
  845.001
  847.501
  850.001
  852.501
  855.001
  857.501
  860.001
  862.501
  865.001
  867.501
  870.001
  872.501
  875.001
  877.501
  880.001
  882.501
  885.001
  887.501
  890.001
  892.501
  895.001
  897.501
  900.001
  902.501
  905.001
  907.501
  910.001
  912.501
  915.001
  917.501
  920.001
  922.501
  925.001
  927.501
  930.001
  932.501
  935.001
  937.501
  940.001
  942.501
  945.001
  947.501
  950.001
  952.501
  955.001
  957.501
  960.001
  962.501
  965.001
  967.501
  970.001
  972.501
  975.001
  977.501
  980.001
  982.501
  985.001
  987.501
  990.001
  992.501
  995.001
  997.501

    2.501
    5.000
    7.500
   10.001
   12.501
   15.001
   17.501
   20.000
   22.500
   25.000
   27.500
   30.000
   32.500
   35.000
   37.500
   40.001
   42.501
   45.001
   47.501
   50.001
   52.501
   55.001
   57.501
   60.001
   62.501
   65.001
   67.501
   70.001
   72.501
   75.001
   77.500
   80.000
   82.500
   85.000
   87.500
   90.000
   92.500
   95.000
   97.500
  100.000
  102.500
  105.000
  107.500
  110.000
  112.500
  115.000
  117.500
  120.000
  122.500
  125.000
  127.500
  130.000
  132.500
  135.000
  137.500
  140.000
  142.500
  145.000
  147.500
  150.000
  152.500
  155.000
  157.500
  160.000
  162.500
  165.000
  167.500
  170.000
  172.500
  175.000
  177.500
  180.000
  182.500
  185.000
  187.500
  190.000
  192.500
  195.000
  197.500
  200.000
  202.500
  205.000
  207.500
  210.000
  212.500
  215.000
  217.500
  220.000
  222.500
  225.000
  227.500
  230.000
  232.500
  235.000
  237.500
  240.000
  242.500
  245.000
  247.500
  250.000
  252.500
  255.000
  257.500
  260.000
  262.500
  265.000
  267.500
  270.000
  272.500
  275.000
  277.500
  280.000
  282.500
  285.000
  287.500
  290.000
  292.501
  295.001
  297.501
  300.001
  302.501
  305.001
  307.501
  310.001
  312.501
  315.001
  317.501
  320.001
  322.501
  325.001
  327.501
  330.001
  332.501
  335.001
  337.501
  340.001
  342.501
  345.001
  347.501
  350.001
  352.501
  355.001
  357.501
  360.001
  362.501
  365.001
  367.501
  370.001
  372.501
  375.001
  377.501
  380.001
  382.501
  385.001
  387.501
  390.001
  392.501
  395.001
  397.501
  400.001
  402.501
  405.001
  407.501
  410.001
  412.501
  415.001
  417.501
  420.001
  422.501
  425.001
  427.501
  430.001
  432.501
  435.001
  437.501
  440.001
  442.501
  445.001
  447.501
  450.001
  452.501
  455.001
  457.501
  460.001
  462.501
  465.001
  467.501
  470.001
  472.501
  475.001
  477.501
  480.001
  482.501
  485.001
  487.501
  490.001
  492.501
  495.001
  497.501
  500.001
  502.501
  505.001
  507.501
  510.001
  512.501
  515.001
  517.501
  520.001
  522.501
  525.001
  527.501
  530.001
  532.501
  535.001
  537.501
  540.001
  542.501
  545.001
  547.501
  550.001
  552.501
  555.001
  557.501
  560.001
  562.501
  565.001
  567.501
  570.001
  572.501
  575.001
  577.501
  580.001
  582.501
  585.001
  587.501
  590.001
  592.501
  595.001
  597.501
  600.001
  602.501
  605.001
  607.501
  610.001
  612.501
  615.001
  617.501
  620.001
  622.501
  625.001
  627.501
  630.001
  632.501
  635.001
  637.501
  640.001
  642.501
  645.001
  647.501
  650.001
  652.501
  655.001
  657.501
  660.001
  662.501
  665.001
  667.501
  670.001
  672.501
  675.001
  677.501
  680.001
  682.501
  685.001
  687.501
  690.001
  692.501
  695.001
  697.501
  700.001
  702.501
  705.001
  707.501
  710.001
  712.501
  715.001
  717.501
  720.001
  722.501
  725.001
  727.501
  730.001
  732.501
  735.001
  737.501
  740.001
  742.501
  745.001
  747.501
  750.001
  752.501
  755.001
  757.501
  760.001
  762.501
  765.001
  767.501
  770.001
  772.501
  775.001
  777.501
  780.001
  782.501
  785.001
  787.501
  790.001
  792.501
  795.001
  797.501
  800.001
  802.501
  805.001
  807.501
  810.001
  812.501
  815.001
  817.501
  820.001
  822.501
  825.001
  827.501
  830.001
  832.501
  835.001
  837.501
  840.001
  842.501
  845.001
  847.501
  850.001
  852.501
  855.001
  857.501
  860.001
  862.501
  865.001
  867.501
  870.001
  872.501
  875.001
  877.501
  880.001
  882.501
  885.001
  887.501
  890.001
  892.501
  895.001
  897.501
  900.001
  902.501
  905.001
  907.501
  910.001
  912.501
  915.001
  917.501
  920.001
  922.501
  925.001
  927.501
  930.001
  932.501
  935.001
  937.501
  940.001
  942.501
  945.001
  947.501
  950.001
  952.501
  955.001
  957.501
  960.001
  962.501
  965.001
  967.501
  970.001
  972.501
  975.001
  977.501
  980.001
  982.501
  985.001
  987.501
  990.001
  992.501
  995.001
  997.501

