   -0.026     2.475
   -0.049     4.951
   -0.012     7.488
   -0.009     9.992
   -0.043    12.458
    0.049    15.050
   -0.002    17.499
    0.027    20.027
   -0.047    22.453
   -0.047    24.953
    0.043    27.543
    0.039    30.039
    0.009    32.509
   -0.002    34.998
    0.033    37.533
   -0.031    39.970
    0.024    42.525
   -0.038    44.963
    0.020    47.521
   -0.014    49.987
    0.014    52.515
    0.041    55.042
   -0.021    57.480
   -0.024    59.977
   -0.012    62.489
    0.004    65.005
   -0.049    67.452
    0.050    70.051
   -0.049    72.452
    0.034    75.035
    0.035    77.535
   -0.003    79.997
   -0.045    82.455
    0.048    85.048
   -0.030    87.470
    0.036    90.036
   -0.036    92.464
    0.030    95.030
    0.023    97.523
    0.049   100.049
   -0.032   102.468
   -0.000   105.000
   -0.003   107.497
    0.047   110.047
   -0.005   112.495
   -0.040   114.960
    0.047   117.547
   -0.011   119.989
    0.018   122.518
   -0.047   124.953
   -0.027   127.473
   -0.003   129.997
   -0.040   132.460
   -0.008   134.992
    0.030   137.530
   -0.018   139.982
    0.028   142.528
    0.033   145.033
   -0.001   147.499
   -0.013   149.987
    0.010   152.510
   -0.048   154.952
    0.031   157.531
   -0.014   159.986
    0.031   162.531
   -0.023   164.977
    0.036   167.536
    0.045   170.045
    0.028   172.528
    0.018   175.018
    0.034   177.534
    0.046   180.046
    0.021   182.521
   -0.043   184.957
    0.004   187.504
    0.046   190.046
   -0.008   192.492
   -0.008   194.992
   -0.012   197.488
    0.034   200.034
   -0.026   202.474
    0.023   205.023
   -0.007   207.493
   -0.038   209.962
   -0.028   212.472
   -0.019   214.981
   -0.026   217.474
   -0.012   219.988
    0.031   222.531
   -0.019   224.981
    0.028   227.528
   -0.022   229.978
    0.050   232.550
    0.013   235.013
    0.010   237.510
    0.001   240.001
    0.033   242.533
   -0.030   244.970
   -0.046   247.454
    0.023   250.023
   -0.030   252.470
   -0.021   254.979
    0.027   257.527
   -0.029   259.971
   -0.019   262.481
   -0.044   264.956
    0.006   267.506
   -0.008   269.992
   -0.038   272.462
    0.019   275.019
    0.046   277.546
    0.039   280.039
   -0.036   282.464
    0.050   285.050
   -0.047   287.453
   -0.035   289.965
    0.002   292.503
    0.014   295.015
    0.049   297.550
    0.008   300.009
    0.018   302.519
    0.017   305.018
   -0.014   307.487
    0.041   310.042
    0.003   312.504
    0.042   315.043
   -0.022   317.479
   -0.029   319.972
   -0.003   322.498
    0.031   325.032
   -0.034   327.467
    0.001   330.002
    0.031   332.532
   -0.044   334.957
   -0.002   337.499
   -0.046   339.955
    0.040   342.541
   -0.021   344.980
    0.019   347.520
   -0.043   349.958
    0.032   352.533
   -0.026   354.975
   -0.019   357.482
   -0.001   360.000
   -0.014   362.487
   -0.019   364.982
   -0.010   367.491
   -0.043   369.958
    0.039   372.540
    0.018   375.019
    0.003   377.504
    0.040   380.041
    0.019   382.520
   -0.044   384.957
   -0.035   387.466
   -0.048   389.953
   -0.008   392.493
   -0.033   394.968
    0.025   397.526
   -0.001   400.000
    0.025   402.526
   -0.017   404.984
   -0.038   407.463
   -0.038   409.963
   -0.013   412.488
   -0.012   414.989
    0.023   417.524
   -0.049   419.952
   -0.012   422.489
   -0.001   425.000
    0.033   427.534
   -0.042   429.959
    0.042   432.543
   -0.038   434.963
    0.044   437.545
   -0.030   439.971
    0.023   442.524
    0.036   445.037
   -0.040   447.461
    0.034   450.035
    0.007   452.508
    0.031   455.032
   -0.009   457.492
    0.043   460.044
   -0.034   462.467
    0.032   465.033
   -0.007   467.494
   -0.025   469.976
    0.033   472.534
    0.010   475.011
    0.015   477.516
    0.011   480.012
   -0.000   482.501
   -0.020   484.981
    0.026   487.527
    0.033   490.034
   -0.004   492.497
   -0.006   494.995
    0.040   497.541
   -0.038   499.963
   -0.040   502.461
    0.028   505.029
    0.050   507.551
    0.004   510.005
    0.020   512.521
    0.006   515.007
   -0.012   517.489
   -0.041   519.960
    0.043   522.544
   -0.031   524.970
    0.034   527.535
    0.047   530.048
   -0.018   532.483
   -0.037   534.964
   -0.021   537.480
    0.041   540.042
   -0.022   542.479
   -0.046   544.955
    0.026   547.527
    0.031   550.032
    0.037   552.538
    0.047   555.048
   -0.019   557.482
   -0.003   559.998
   -0.026   562.475
    0.032   565.033
    0.010   567.511
    0.024   570.025
   -0.017   572.484
   -0.042   574.959
    0.045   577.546
    0.032   580.033
    0.003   582.504
   -0.019   584.982
    0.015   587.516
    0.003   590.004
    0.029   592.530
    0.045   595.046
    0.002   597.503
    0.032   600.033
   -0.029   602.472
   -0.006   604.995
    0.026   607.527
    0.025   610.026
    0.034   612.535
   -0.025   614.976
   -0.028   617.473
   -0.050   619.951
    0.011   622.512
    0.021   625.022
    0.037   627.538
   -0.028   629.973
   -0.049   632.452
    0.018   635.019
   -0.005   637.496
   -0.032   639.969
   -0.021   642.480
   -0.037   644.964
   -0.023   647.478
    0.015   650.016
    0.022   652.523
    0.049   655.050
    0.004   657.505
   -0.035   659.966
   -0.003   662.498
    0.034   665.035
   -0.019   667.482
   -0.010   669.991
   -0.049   672.452
    0.024   675.025
    0.008   677.509
    0.033   680.034
   -0.015   682.486
    0.017   685.018
   -0.015   687.486
   -0.006   689.995
   -0.049   692.452
    0.021   695.022
    0.021   697.522
    0.014   700.015
   -0.035   702.466
    0.046   705.047
   -0.032   707.469
    0.018   710.019
   -0.045   712.456
    0.037   715.038
    0.023   717.524
    0.019   720.020
   -0.013   722.488
   -0.013   724.988
    0.016   727.517
    0.039   730.040
    0.009   732.510
   -0.014   734.987
   -0.009   737.492
   -0.043   739.958
   -0.042   742.459
   -0.011   744.990
    0.003   747.504
    0.003   750.004
   -0.027   752.474
   -0.048   754.953
   -0.006   757.495
    0.023   760.024
   -0.029   762.472
    0.025   765.026
   -0.033   767.468
    0.008   770.009
   -0.029   772.472
   -0.004   774.997
    0.027   777.528
    0.000   780.001
   -0.043   782.458
   -0.017   784.984
   -0.007   787.494
    0.012   790.013
   -0.042   792.459
    0.000   795.001
    0.049   797.550
    0.021   800.022
   -0.044   802.457
    0.016   805.017
    0.021   807.522
    0.028   810.029
    0.006   812.507
    0.012   815.013
    0.035   817.536
    0.038   820.039
   -0.008   822.493
    0.049   825.050
    0.025   827.526
   -0.040   829.961
    0.012   832.513
    0.035   835.036
    0.026   837.527
   -0.033   839.968
   -0.039   842.462
    0.049   845.050
   -0.009   847.492
   -0.012   849.989
   -0.044   852.457
   -0.005   854.996
    0.029   857.530
   -0.027   859.974
    0.020   862.521
   -0.011   864.990
   -0.025   867.476
   -0.027   869.974
    0.035   872.536
    0.040   875.041
    0.030   877.531
    0.011   880.012
    0.016   882.517
    0.024   885.025
   -0.005   887.496
    0.043   890.044
   -0.006   892.495
   -0.033   894.968
   -0.023   897.478
   -0.003   899.998
    0.046   902.547
   -0.013   904.988
    0.011   907.512
    0.003   910.004
    0.050   912.551
    0.008   915.009
    0.006   917.507
    0.001   920.002
    0.004   922.505
   -0.012   924.989
    0.022   927.523
    0.023   930.024
   -0.040   932.461
    0.039   935.040
    0.014   937.515
   -0.021   939.980
   -0.017   942.484
    0.033   945.034
    0.036   947.537
    0.037   950.038
   -0.024   952.477
    0.037   955.038
   -0.038   957.463
   -0.031   959.970
   -0.019   962.482
    0.036   965.037
    0.030   967.531
    0.017   970.018
    0.040   972.541
   -0.039   974.962
   -0.028   977.473
    0.042   980.043
    0.038   982.539
   -0.021   984.980
   -0.024   987.477
    0.027   990.028
    0.036   992.537
    0.014   995.015
    0.018   997.519

    0.038     2.539
   -0.013     4.987
   -0.043     7.457
   -0.008     9.993
   -0.020    12.481
    0.048    15.049
    0.020    17.521
   -0.049    19.951
    0.028    22.528
    0.020    25.020
    0.017    27.517
    0.037    30.037
    0.037    32.537
    0.002    35.002
   -0.032    37.468
    0.048    40.049
    0.014    42.515
   -0.011    44.990
   -0.028    47.473
   -0.005    49.996
    0.037    52.538
   -0.047    54.954
    0.027    57.528
   -0.049    59.952
   -0.046    62.455
    0.024    65.025
   -0.022    67.479
    0.002    70.003
    0.047    72.548
   -0.040    74.961
    0.032    77.532
   -0.003    79.997
    0.043    82.543
    0.035    85.035
   -0.007    87.493
    0.043    90.043
   -0.011    92.489
    0.013    95.013
    0.041    97.541
   -0.035    99.965
    0.004   102.504
   -0.016   104.984
    0.036   107.536
   -0.046   109.954
    0.031   112.531
   -0.023   114.977
    0.036   117.536
    0.037   120.037
    0.004   122.504
    0.003   125.003
    0.002   127.502
   -0.008   129.992
   -0.048   132.452
    0.005   135.005
    0.026   137.526
   -0.000   140.000
   -0.003   142.497
    0.012   145.012
   -0.045   147.455
   -0.047   149.953
   -0.001   152.499
    0.007   155.007
   -0.010   157.490
    0.002   160.002
    0.027   162.527
   -0.005   164.995
    0.031   167.531
   -0.041   169.959
   -0.045   172.455
    0.033   175.033
   -0.020   177.480
   -0.046   179.954
    0.001   182.501
   -0.021   184.979
   -0.039   187.461
    0.048   190.048
   -0.048   192.452
   -0.033   194.967
    0.002   197.502
    0.018   200.018
   -0.041   202.459
    0.037   205.037
    0.004   207.504
   -0.002   209.998
    0.001   212.501
   -0.020   214.980
   -0.009   217.491
   -0.016   219.984
    0.037   222.537
    0.034   225.034
   -0.040   227.460
   -0.030   229.970
    0.006   232.506
   -0.008   234.992
    0.021   237.521
   -0.027   239.973
    0.023   242.523
   -0.020   244.980
    0.001   247.501
   -0.041   249.959
   -0.017   252.483
    0.050   255.050
    0.050   257.550
    0.021   260.021
   -0.010   262.490
    0.042   265.042
   -0.043   267.457
    0.020   270.020
    0.015   272.515
    0.047   275.047
    0.032   277.532
   -0.000   280.000
    0.025   282.525
    0.045   285.045
   -0.014   287.486
   -0.003   289.997
   -0.030   292.471
   -0.018   294.983
    0.014   297.515
   -0.021   299.980
    0.038   302.539
    0.002   305.003
   -0.013   307.488
   -0.026   309.975
    0.020   312.521
    0.050   315.051
   -0.030   317.471
   -0.006   319.995
    0.022   322.523
   -0.042   324.959
   -0.033   327.468
    0.004   330.005
    0.022   332.523
   -0.025   334.976
    0.025   337.526
    0.017   340.018
    0.014   342.515
   -0.038   344.963
   -0.027   347.474
    0.001   350.002
   -0.014   352.487
    0.023   355.024
   -0.042   357.459
    0.047   360.048
   -0.037   362.464
    0.009   365.010
    0.008   367.509
    0.042   370.043
   -0.031   372.470
    0.036   375.037
   -0.019   377.482
    0.031   380.032
    0.024   382.525
   -0.007   384.994
   -0.030   387.471
    0.042   390.043
    0.009   392.510
   -0.023   394.978
   -0.041   397.460
    0.002   400.003
   -0.011   402.490
    0.033   405.034
    0.042   407.543
    0.016   410.017
    0.028   412.529
   -0.012   414.989
   -0.029   417.472
    0.049   420.050
    0.040   422.541
    0.013   425.014
   -0.030   427.471
    0.031   430.032
   -0.009   432.492
   -0.017   434.984
   -0.018   437.483
   -0.013   439.988
    0.001   442.502
    0.012   445.013
    0.030   447.531
   -0.016   449.985
    0.038   452.539
   -0.025   454.976
    0.022   457.523
    0.003   460.004
    0.025   462.526
   -0.011   464.990
    0.032   467.533
    0.035   470.036
    0.030   472.531
    0.034   475.035
   -0.048   477.453
   -0.012   479.989
   -0.023   482.478
    0.038   485.039
    0.012   487.513
    0.046   490.047
   -0.008   492.493
    0.040   495.041
   -0.011   497.490
   -0.043   499.958
   -0.007   502.494
   -0.028   504.973
   -0.026   507.475
    0.005   510.006
    0.031   512.532
    0.002   515.003
    0.014   517.515
    0.032   520.033
   -0.014   522.487
    0.021   525.022
   -0.033   527.468
    0.031   530.032
   -0.022   532.479
   -0.014   534.987
    0.001   537.502
    0.049   540.050
    0.006   542.507
    0.023   545.024
    0.015   547.516
    0.016   550.017
    0.034   552.535
   -0.043   554.958
   -0.014   557.487
    0.017   560.018
    0.031   562.532
   -0.039   564.962
   -0.019   567.482
    0.001   570.002
    0.042   572.543
    0.030   575.031
   -0.000   577.501
    0.023   580.024
    0.007   582.508
   -0.026   584.975
    0.042   587.543
   -0.050   589.951
    0.031   592.532
   -0.015   594.986
    0.033   597.534
    0.034   600.035
   -0.005   602.496
   -0.013   604.988
   -0.039   607.462
    0.009   610.010
   -0.019   612.482
    0.038   615.039
   -0.014   617.487
   -0.017   619.984
   -0.032   622.469
    0.036   625.037
   -0.004   627.497
   -0.035   629.966
   -0.019   632.482
    0.017   635.018
    0.036   637.537
   -0.047   639.954
   -0.015   642.486
    0.050   645.051
   -0.021   647.480
   -0.010   649.991
   -0.028   652.473
    0.008   655.009
    0.030   657.531
   -0.037   659.964
    0.048   662.549
   -0.027   664.974
    0.024   667.525
    0.015   670.016
    0.031   672.532
    0.006   675.007
   -0.050   677.451
   -0.039   679.962
   -0.050   682.451
    0.039   685.040
   -0.024   687.477
   -0.015   689.986
    0.004   692.505
    0.004   695.005
    0.016   697.517
   -0.020   699.981
    0.019   702.520
   -0.007   704.994
   -0.018   707.483
    0.009   710.010
   -0.037   712.464
   -0.004   714.997
   -0.043   717.458
    0.013   720.014
    0.009   722.510
   -0.025   724.976
    0.000   727.501
    0.020   730.021
   -0.048   732.453
   -0.045   734.956
   -0.037   737.464
   -0.018   739.983
   -0.047   742.454
   -0.029   744.972
    0.024   747.525
    0.007   750.008
    0.017   752.518
    0.011   755.012
   -0.029   757.472
   -0.047   759.954
    0.037   762.538
    0.008   765.009
    0.039   767.540
    0.002   770.003
    0.021   772.522
   -0.046   774.955
    0.010   777.511
    0.025   780.026
    0.005   782.506
   -0.046   784.955
   -0.005   787.496
    0.046   790.047
   -0.002   792.499
   -0.014   794.987
    0.005   797.506
    0.042   800.043
   -0.003   802.498
    0.023   805.024
   -0.015   807.486
   -0.048   809.953
    0.022   812.523
    0.018   815.019
    0.013   817.514
   -0.026   819.975
    0.014   822.515
    0.033   825.034
    0.011   827.512
    0.012   830.013
    0.048   832.549
    0.047   835.048
    0.012   837.513
   -0.037   839.964
    0.041   842.542
    0.012   845.013
   -0.003   847.498
   -0.049   849.952
   -0.020   852.481
   -0.025   854.976
    0.032   857.533
    0.011   860.012
    0.004   862.505
   -0.008   864.993
    0.025   867.526
   -0.007   869.994
    0.013   872.514
   -0.015   874.986
    0.039   877.540
   -0.004   879.997
   -0.033   882.468
    0.031   885.032
    0.031   887.532
   -0.017   889.984
    0.033   892.534
    0.005   895.006
   -0.041   897.460
   -0.015   899.986
    0.002   902.503
   -0.004   904.997
   -0.041   907.460
    0.032   910.033
    0.002   912.503
    0.002   915.003
    0.020   917.521
   -0.006   919.995
   -0.043   922.458
    0.009   925.010
   -0.049   927.452
    0.044   930.045
    0.036   932.537
   -0.012   934.989
    0.044   937.545
   -0.045   939.956
    0.041   942.542
   -0.003   944.998
   -0.016   947.485
   -0.031   949.970
   -0.010   952.491
   -0.016   954.985
   -0.000   957.501
    0.004   960.005
   -0.047   962.454
    0.008   965.009
    0.007   967.508
   -0.040   969.961
   -0.041   972.460
    0.028   975.029
   -0.005   977.496
    0.032   980.033
   -0.018   982.483
    0.023   985.024
   -0.013   987.488
   -0.026   989.975
   -0.043   992.458
   -0.045   994.956
    0.038   997.539

    0.036     2.537
   -0.018     4.982
   -0.031     7.469
    0.043    10.044
    0.019    12.520
    0.010    15.011
   -0.023    17.478
   -0.015    19.985
    0.034    22.534
   -0.042    24.958
    0.023    27.523
    0.042    30.042
   -0.032    32.468
   -0.036    34.964
   -0.004    37.496
    0.018    40.019
   -0.039    42.462
   -0.027    44.974
    0.006    47.507
    0.040    50.041
   -0.004    52.497
    0.031    55.032
   -0.008    57.493
    0.011    60.012
   -0.030    62.471
   -0.008    64.993
    0.045    67.546
    0.047    70.048
   -0.028    72.473
    0.023    75.024
    0.003    77.503
    0.020    80.020
   -0.040    82.460
    0.008    85.008
   -0.024    87.476
    0.003    90.003
   -0.047    92.453
   -0.009    94.991
    0.010    97.510
   -0.032    99.968
   -0.042   102.458
   -0.041   104.959
   -0.025   107.475
    0.033   110.033
    0.046   112.546
   -0.004   114.996
    0.047   117.547
    0.011   120.011
    0.018   122.518
    0.024   125.024
   -0.003   127.497
    0.025   130.025
   -0.048   132.452
    0.029   135.029
    0.013   137.513
    0.007   140.007
   -0.037   142.463
   -0.004   144.996
   -0.002   147.498
   -0.031   149.969
    0.009   152.509
   -0.040   154.960
   -0.017   157.483
    0.006   160.006
    0.012   162.512
    0.033   165.033
    0.041   167.541
    0.023   170.023
   -0.041   172.459
   -0.008   174.992
   -0.026   177.474
    0.031   180.031
    0.032   182.532
   -0.018   184.982
   -0.015   187.485
   -0.048   189.952
   -0.037   192.463
   -0.019   194.981
    0.046   197.546
    0.007   200.007
    0.003   202.503
   -0.021   204.979
   -0.047   207.453
    0.023   210.023
    0.000   212.500
    0.013   215.013
    0.004   217.504
    0.049   220.049
    0.023   222.523
   -0.001   224.999
   -0.022   227.478
    0.002   230.002
   -0.030   232.470
   -0.041   234.959
    0.020   237.520
   -0.010   239.990
    0.031   242.531
    0.025   245.025
    0.048   247.548
    0.001   250.001
   -0.007   252.493
    0.033   255.033
   -0.045   257.455
   -0.029   259.971
   -0.042   262.458
    0.032   265.032
    0.026   267.526
   -0.049   269.951
    0.021   272.521
   -0.031   274.969
    0.018   277.518
    0.018   280.018
   -0.037   282.463
    0.042   285.042
   -0.004   287.496
    0.002   290.002
   -0.018   292.483
    0.026   295.027
   -0.021   297.480
    0.024   300.025
   -0.019   302.482
    0.018   305.019
   -0.033   307.468
   -0.007   309.994
   -0.010   312.491
   -0.041   314.960
   -0.021   317.480
   -0.012   319.989
   -0.042   322.459
    0.043   325.044
    0.022   327.523
   -0.029   329.972
   -0.031   332.470
    0.030   335.031
    0.000   337.501
   -0.029   339.972
    0.048   342.549
   -0.038   344.963
    0.028   347.529
    0.050   350.051
   -0.048   352.453
   -0.026   354.975
   -0.017   357.484
    0.025   360.026
   -0.023   362.478
    0.041   365.042
   -0.048   367.453
   -0.000   370.001
    0.041   372.542
   -0.033   374.968
   -0.027   377.474
   -0.014   379.987
    0.028   382.529
    0.009   385.010
   -0.011   387.490
   -0.018   389.983
   -0.021   392.480
   -0.002   394.999
   -0.014   397.487
   -0.031   399.970
   -0.046   402.455
    0.031   405.032
    0.031   407.532
    0.035   410.036
    0.006   412.507
   -0.024   414.977
    0.026   417.527
    0.026   420.027
   -0.046   422.455
    0.043   425.044
   -0.011   427.490
    0.032   430.033
    0.027   432.528
    0.026   435.027
    0.047   437.548
   -0.022   439.979
   -0.043   442.458
    0.019   445.020
    0.046   447.547
   -0.050   449.951
   -0.035   452.466
   -0.045   454.956
   -0.035   457.466
   -0.025   459.976
    0.002   462.503
   -0.007   464.994
   -0.034   467.467
    0.035   470.036
    0.041   472.542
   -0.032   474.969
    0.041   477.542
   -0.003   479.998
   -0.045   482.456
    0.040   485.041
    0.001   487.502
   -0.008   489.993
   -0.015   492.486
    0.005   495.006
   -0.002   497.499
   -0.019   499.982
    0.032   502.533
    0.017   505.018
   -0.042   507.459
   -0.002   509.999
    0.003   512.504
    0.004   515.005
   -0.009   517.492
    0.000   520.001
   -0.048   522.453
   -0.047   524.954
   -0.021   527.480
   -0.018   529.983
   -0.047   532.454
   -0.012   534.989
    0.025   537.526
    0.024   540.025
    0.045   542.546
    0.037   545.038
   -0.030   547.471
    0.014   550.015
    0.004   552.505
    0.018   555.019
    0.044   557.545
   -0.041   559.960
   -0.022   562.479
    0.048   565.049
   -0.033   567.468
    0.040   570.041
   -0.020   572.481
   -0.022   574.979
    0.020   577.521
    0.034   580.035
   -0.016   582.485
    0.015   585.016
   -0.031   587.470
    0.039   590.040
    0.014   592.515
   -0.027   594.974
   -0.035   597.466
   -0.023   599.978
    0.045   602.546
    0.014   605.015
   -0.046   607.455
   -0.044   609.957
    0.027   612.528
    0.029   615.030
    0.031   617.532
    0.001   620.002
   -0.005   622.496
    0.044   625.045
    0.031   627.532
    0.025   630.026
   -0.011   632.490
   -0.023   634.978
    0.039   637.540
    0.012   640.013
    0.010   642.511
    0.005   645.006
    0.005   647.506
   -0.036   649.965
    0.029   652.530
   -0.041   654.960
   -0.036   657.465
    0.039   660.040
    0.029   662.530
   -0.041   664.960
    0.018   667.519
   -0.015   669.986
    0.028   672.529
   -0.020   674.981
   -0.041   677.460
   -0.041   679.960
   -0.014   682.487
   -0.022   684.979
    0.031   687.532
   -0.036   689.965
    0.024   692.525
    0.015   695.016
    0.004   697.505
    0.010   700.011
   -0.047   702.454
   -0.023   704.978
   -0.007   707.494
   -0.038   709.963
    0.021   712.522
    0.011   715.012
    0.038   717.539
   -0.005   719.996
    0.028   722.529
    0.032   725.033
   -0.024   727.477
    0.021   730.022
    0.035   732.536
   -0.017   734.984
    0.006   737.507
    0.021   740.022
   -0.030   742.471
   -0.028   744.973
   -0.019   747.482
   -0.020   749.981
   -0.020   752.481
   -0.049   754.952
   -0.039   757.462
   -0.020   759.981
   -0.036   762.465
    0.018   765.019
   -0.019   767.482
    0.018   770.019
    0.038   772.539
    0.016   775.017
   -0.025   777.476
    0.009   780.010
    0.048   782.549
   -0.001   785.000
   -0.007   787.494
    0.003   790.004
   -0.003   792.498
   -0.037   794.964
   -0.046   797.455
   -0.034   799.967
   -0.022   802.479
    0.035   805.036
    0.028   807.529
   -0.015   809.986
   -0.028   812.473
   -0.019   814.982
   -0.000   817.501
    0.017   820.018
   -0.004   822.497
   -0.007   824.994
    0.015   827.516
    0.013   830.014
    0.047   832.548
   -0.008   834.993
   -0.023   837.478
   -0.035   839.966
    0.031   842.532
   -0.009   844.992
    0.036   847.537
   -0.024   849.977
    0.016   852.517
    0.016   855.017
   -0.011   857.490
    0.040   860.041
    0.047   862.548
    0.028   865.029
   -0.044   867.457
    0.036   870.037
    0.015   872.516
   -0.028   874.973
    0.014   877.515
    0.002   880.003
   -0.043   882.458
   -0.013   884.988
   -0.029   887.472
    0.002   890.003
    0.042   892.543
   -0.008   894.993
   -0.035   897.466
   -0.006   899.995
    0.009   902.510
    0.045   905.046
   -0.020   907.481
    0.035   910.036
   -0.035   912.466
   -0.003   914.998
    0.044   917.545
    0.046   920.047
    0.025   922.526
    0.029   925.030
   -0.025   927.476
   -0.027   929.974
   -0.007   932.494
   -0.016   934.985
    0.040   937.541
    0.005   940.006
   -0.032   942.469
    0.041   945.042
   -0.050   947.451
   -0.015   949.986
    0.022   952.523
    0.016   955.017
   -0.026   957.475
   -0.015   959.986
    0.027   962.528
   -0.033   964.968
    0.041   967.542
   -0.008   969.993
    0.033   972.534
    0.005   975.006
    0.017   977.518
   -0.043   979.958
    0.035   982.536
    0.049   985.050
    0.028   987.529
   -0.029   989.972
    0.028   992.529
    0.004   995.005
    0.009   997.510

