   -0.050     2.454
    0.042     5.045
   -0.021     7.482
   -0.029     9.975
    0.023    12.527
    0.003    15.007
   -0.017    17.487
    0.025    20.028
    0.026    22.529
    0.004    25.007
    0.018    27.521
    0.014    30.017
    0.032    32.535
   -0.026    34.977
   -0.013    37.490
    0.021    40.025
    0.020    42.524
   -0.045    44.959
    0.018    47.522
   -0.003    50.001
    0.042    52.546
    0.031    55.035
   -0.038    57.466
    0.001    60.005
    0.042    62.546
    0.019    65.023
    0.014    67.518
    0.008    70.012
    0.041    72.545
    0.041    75.045
   -0.013    77.490
   -0.016    79.987
    0.034    82.537
   -0.017    84.986
   -0.035    87.468
   -0.020    89.983
   -0.007    92.496
   -0.021    94.982
    0.044    97.547
    0.006   100.009
    0.023   102.526
    0.038   105.041
   -0.044   107.459
   -0.023   109.980
    0.006   112.509
    0.001   115.004
   -0.008   117.495
   -0.031   119.972
    0.041   122.544
   -0.045   124.958
   -0.013   127.490
   -0.016   129.987
    0.016   132.519
    0.042   135.045
    0.001   137.504
   -0.033   139.970
   -0.009   142.494
   -0.022   144.981
   -0.014   147.489
   -0.008   149.995
   -0.017   152.486
    0.003   155.006
    0.011   157.514
   -0.027   159.976
    0.041   162.544
   -0.004   164.999
    0.036   167.539
    0.014   170.017
    0.013   172.516
    0.002   175.005
    0.000   177.503
    0.019   180.022
    0.044   182.547
   -0.010   184.993
    0.021   187.524
   -0.025   189.978
    0.009   192.512
   -0.015   194.988
   -0.017   197.486
   -0.011   199.992
    0.029   202.532
    0.038   205.041
   -0.039   207.464
    0.032   210.035
   -0.042   212.461
   -0.009   214.994
   -0.035   217.468
   -0.042   219.961
    0.050   222.553
   -0.028   224.975
    0.013   227.516
   -0.036   229.967
   -0.004   232.499
    0.009   235.012
   -0.036   237.467
    0.042   240.045
    0.038   242.541
    0.039   245.042
    0.039   247.542
    0.041   250.044
    0.026   252.529
   -0.022   254.981
   -0.049   257.454
   -0.025   259.978
   -0.042   262.461
   -0.050   264.953
    0.012   267.515
   -0.027   269.976
    0.024   272.527
   -0.001   275.002
    0.019   277.522
   -0.026   279.977
    0.038   282.541
   -0.026   284.977
   -0.013   287.490
    0.039   290.042
   -0.038   292.466
   -0.001   295.003
   -0.050   297.454
    0.041   300.045
    0.014   302.518
    0.042   305.046
   -0.048   307.456
    0.040   310.044
   -0.031   312.473
    0.047   315.051
    0.007   317.511
    0.018   320.022
   -0.023   322.481
   -0.028   324.976
   -0.029   327.475
    0.006   330.010
   -0.045   332.459
    0.027   335.031
    0.020   337.524
    0.021   340.025
   -0.000   342.504
   -0.047   344.957
   -0.039   347.465
    0.042   350.046
   -0.037   352.467
    0.019   355.023
    0.039   357.543
   -0.046   359.958
    0.038   362.542
    0.036   365.040
    0.049   367.553
    0.045   370.049
    0.026   372.530
   -0.008   374.996
   -0.025   377.479
    0.023   380.027
    0.038   382.542
   -0.010   384.994
   -0.027   387.477
   -0.010   389.994
    0.039   392.543
    0.006   395.010
   -0.015   397.489
    0.012   400.016
    0.023   402.527
   -0.016   404.988
    0.023   407.527
   -0.008   409.996
   -0.030   412.474
   -0.019   414.985
    0.049   417.553
    0.049   420.053
    0.013   422.517
    0.037   425.041
    0.042   427.546
   -0.030   429.974
    0.015   432.519
   -0.036   434.968
   -0.000   437.504
    0.006   440.010
    0.027   442.531
    0.045   445.049
   -0.002   447.502
   -0.031   449.973
   -0.005   452.499
   -0.033   454.971
    0.016   457.520
    0.002   460.006
    0.006   462.510
    0.001   465.005
    0.026   467.530
   -0.014   469.990
    0.025   472.529
   -0.047   474.957
   -0.020   477.484
    0.004   480.008
   -0.030   482.474
    0.022   485.026
   -0.021   487.483
   -0.026   489.978
    0.016   492.520
   -0.007   494.997
   -0.042   497.462
    0.027   500.031
    0.032   502.536
    0.042   505.046
    0.041   507.545
    0.018   510.022
    0.046   512.550
   -0.047   514.957
    0.026   517.530
    0.010   520.014
    0.022   522.526
    0.040   525.044
   -0.046   527.458
   -0.036   529.968
   -0.042   532.462
   -0.039   534.965
   -0.042   537.462
   -0.049   539.955
    0.011   542.515
    0.045   545.049
   -0.031   547.473
   -0.037   549.967
   -0.030   552.474
    0.017   555.021
   -0.026   557.478
   -0.004   560.000
    0.049   562.553
   -0.008   564.996
    0.017   567.521
    0.027   570.031
   -0.010   572.494
   -0.008   574.996
   -0.044   577.460
   -0.027   579.977
    0.031   582.535
    0.047   585.051
   -0.035   587.469
    0.043   590.047
    0.001   592.505
   -0.038   594.966
   -0.029   597.475
    0.010   600.014
   -0.033   602.471
   -0.042   604.962
   -0.023   607.481
    0.015   610.019
    0.006   612.510
   -0.002   615.002
    0.049   617.553
   -0.042   619.962
   -0.009   622.495
   -0.019   624.985
   -0.050   627.454
   -0.049   629.955
   -0.009   632.495
   -0.041   634.963
   -0.027   637.477
    0.042   640.046
    0.028   642.532
    0.026   645.030
   -0.006   647.498
    0.035   650.039
    0.046   652.550
    0.030   655.034
    0.016   657.520
    0.007   660.011
   -0.015   662.489
   -0.009   664.995
   -0.000   667.504
   -0.001   670.003
    0.007   672.511
    0.022   675.026
    0.017   677.521
    0.013   680.017
    0.023   682.527
    0.038   685.042
    0.035   687.539
    0.049   690.053
   -0.006   692.498
   -0.001   695.003
    0.046   697.550
    0.048   700.052
   -0.014   702.490
   -0.042   704.962
   -0.016   707.488
    0.038   710.042
    0.021   712.525
    0.024   715.028
    0.046   717.550
    0.029   720.033
   -0.029   722.475
   -0.026   724.978
    0.030   727.534
   -0.040   729.964
    0.042   732.546
    0.030   735.034
    0.014   737.518
    0.021   740.025
    0.004   742.508
   -0.006   744.998
    0.037   747.541
    0.006   750.010
    0.037   752.541
   -0.023   754.981
    0.019   757.523
   -0.007   759.997
   -0.010   762.494
   -0.031   764.973
    0.009   767.513
   -0.027   769.977
    0.040   772.544
    0.032   775.036
   -0.016   777.488
    0.018   780.022
    0.038   782.542
   -0.038   784.966
   -0.019   787.485
    0.042   790.046
   -0.050   792.454
   -0.037   794.967
   -0.010   797.494
   -0.048   799.956
    0.019   802.523
    0.040   805.044
   -0.033   807.471
   -0.029   809.975
    0.045   812.549
    0.020   815.024
   -0.032   817.472
   -0.038   819.966
    0.013   822.517
   -0.048   824.956
    0.031   827.535
    0.009   830.013
    0.025   832.529
   -0.037   834.967
   -0.017   837.487
    0.021   840.025
    0.046   842.550
    0.005   845.009
    0.009   847.513
    0.028   850.032
    0.020   852.524
    0.023   855.027
    0.010   857.514
   -0.040   859.964
   -0.045   862.459
    0.011   865.015
   -0.028   867.476
    0.008   870.012
   -0.025   872.479
   -0.028   874.976
    0.012   877.516
    0.013   880.017
    0.031   882.535
   -0.026   884.978
    0.041   887.545
   -0.045   889.959
    0.019   892.523
   -0.009   894.995
    0.029   897.533
    0.016   900.020
    0.030   902.534
   -0.040   904.964
    0.042   907.546
    0.000   910.004
    0.032   912.536
   -0.008   914.996
    0.037   917.541
    0.029   920.033
    0.023   922.527
    0.041   925.045
    0.036   927.540
   -0.031   929.973
    0.022   932.526
   -0.035   934.969
   -0.037   937.467
    0.045   940.049
    0.045   942.549
   -0.044   944.960
   -0.042   947.462
   -0.024   949.980
    0.044   952.548
    0.037   955.041
    0.046   957.550
   -0.022   959.982
   -0.030   962.474
   -0.047   964.957
   -0.003   967.501
    0.006   970.010
   -0.036   972.468
   -0.018   974.986
   -0.002   977.502
   -0.027   979.977
   -0.045   982.459
   -0.046   984.958
   -0.041   987.463
    0.013   990.017
   -0.003   992.501
    0.031   995.035
    0.023   997.527
